0;300 = 0;06akR9BmJceBXdAoHTAnCuFWHON7QrcbgHCEScZf;XYN2Xb14S6FUoyLaxAYp6xZ8GDMPxHQU7m2QMXHU
XYN2Xb14S6FUoyLaxAYp6xZ8GDMPxHQU7m2QMXHU;0 = 0;!3;!3
06akR9BmJceBXdAoHTAnCuFWHON7QrcbgHCEScZf;0 = 0;!3;!3
